300
1 2 3 -4 5
-2 3 4 7 9
1 2 4 8 16
-1 3 -9 27 -81
1 4 16 64 256
-1 -5 25 -125 625
-1 -5 25 -125 625
1 4 16 64 256
-1 3 -9 27 -81
-2 3 4 7 9
1 2 3 -4 5
-2 3 4 7 9
1 2 4 8 16
-1 3 -9 27 -81
1 4 16 64 256
-1 -5 25 -125 625
-1 -5 25 -125 625
1 4 16 64 256
-1 3 -9 27 -81
-2 3 4 7 9
1 2 3 -4 5
-2 3 4 7 9
1 2 4 8 16
-1 3 -9 27 -81
1 4 16 64 256
-1 -5 25 -125 625
-1 -5 25 -125 625
1 4 16 64 256
-1 3 -9 27 -81
-2 3 4 7 9
1 2 3 -4 5
-2 3 4 7 9
1 2 4 8 16
-1 3 -9 27 -81
1 4 16 64 256
-1 -5 25 -125 625
-1 -5 25 -125 625
1 4 16 64 256
-1 3 -9 27 -81
-2 3 4 7 9
1 2 3 -4 5
-2 3 4 7 9
1 2 4 8 16
-1 3 -9 27 -81
1 4 16 64 256
-1 -5 25 -125 625
-1 -5 25 -125 625
1 4 16 64 256
-1 3 -9 27 -81
-2 3 4 7 9
1 2 3 -4 5
-2 3 4 7 9
1 2 4 8 16
-1 3 -9 27 -81
1 4 16 64 256
-1 -5 25 -125 625
-1 -5 25 -125 625
1 4 16 64 256
-1 3 -9 27 -81
-2 3 4 7 9