-4 1 2 3 5 
-2 3 4 7 9 
1 2 4 8 16 
-81 -9 -1 3 27 
1 4 16 64 256 
-125 -5 -1 25 625 
-125 -5 -1 25 625 
1 4 16 64 256 
-81 -9 -1 3 27 
-2 3 4 7 9 
-4 1 2 3 5 
-2 3 4 7 9 
1 2 4 8 16 
-81 -9 -1 3 27 
1 4 16 64 256 
-125 -5 -1 25 625 
-125 -5 -1 25 625 
1 4 16 64 256 
-81 -9 -1 3 27 
-2 3 4 7 9 
-4 1 2 3 5 
-2 3 4 7 9 
1 2 4 8 16 
-81 -9 -1 3 27 
1 4 16 64 256 
-125 -5 -1 25 625 
-125 -5 -1 25 625 
1 4 16 64 256 
-81 -9 -1 3 27 
-2 3 4 7 9 
-4 1 2 3 5 
-2 3 4 7 9 
1 2 4 8 16 
-81 -9 -1 3 27 
1 4 16 64 256 
-125 -5 -1 25 625 
-125 -5 -1 25 625 
1 4 16 64 256 
-81 -9 -1 3 27 
-2 3 4 7 9 
-4 1 2 3 5 
-2 3 4 7 9 
1 2 4 8 16 
-81 -9 -1 3 27 
1 4 16 64 256 
-125 -5 -1 25 625 
-125 -5 -1 25 625 
1 4 16 64 256 
-81 -9 -1 3 27 
-2 3 4 7 9 
-4 1 2 3 5 
-2 3 4 7 9 
1 2 4 8 16 
-81 -9 -1 3 27 
1 4 16 64 256 
-125 -5 -1 25 625 
-125 -5 -1 25 625 
1 4 16 64 256 
-81 -9 -1 3 27 
-2 3 4 7 9 
